78.5787289345321
15.2489518814462
-30.958708722011
-59.1327333063497
-78.3876838195079
-88.1231973009731
-93.2027320525683
-93.6938268719779
-92.7402077193341
-88.9916070045262
-85.5986093669789
-76.8451223702048
-67.8817712634241
-59.5209229238121
-52.5201062152658
-46.4167089537741
-41.2444722948923
-36.8695171985383
-33.1506227603132
-29.9213735946113
-27.1876808368354
-24.8695496389857
-22.822157200154
-21.0201082294058
-19.5217485137606
-18.0837614398318
-16.8671783658182
-15.7168163168148
-14.7076939948021
-13.8061392643483
-12.9836255665123
65.1361156745448
16.0822210824256
-19.3783005839255
-44.4567435780218
-61.3640586737571
-74.1804681531758
-80.5135337097463
-83.6012544937676
-84.0148394012548
-82.9748624607063
-80.6603752083737
-73.940838153737
-66.4177783341416
-59.1422764640113
-52.3958870440759
-46.4175372653124
-41.0159209675578
-36.372461044482
-32.369336405289
-28.8296961882198
-25.8560879133632
-23.3367396803048
-21.1540123743088
-19.4829496331512
-17.7189904577793
-16.2935912151734
-15.0006151958226
-13.8845088631768
-12.916714282196
-12.0437739617454
-11.2667232917292
-10.5022604524296
-9.93563237567695
74.9003402019658
30.2556852901906
-0.439174723539098
-20.9959805080226
-34.2612446640592
-42.0682033609489
-46.2207190664131
-47.7584926225908
-47.6418575239342
-46.553756918773
-44.9856433030427
-40.6678103494472
-36.0079912664356
-31.7548607670593
-28.0034613623792
-24.7668766170865
-22.0337235165513
-19.6331501870402
-17.7178107411452
-16.0279164540751
-14.461459462331
-13.2158478218496
-12.0953803030363
-11.103407799431
-10.2926912721189
-9.5305000158102
-8.92105072409211
-8.31178341099337
-7.79408221084108
-7.29766611543814
-6.79591619536783
-6.42653302226084
-6.07195906137023
